Ia	Ib	Ic	IIa	IIb	IIa6	IIb6	IIIa	IIIa6
0.444993078	0.044011167	0.035840907	0.24200677	0.066783454	0.026767626	0.003422814	0.032567869	0.002676427
0.337404231	0.085412504	0.036983791	0.207471579	0.080230855	0.141774419	0.015791697	0.044611788	0.019221922
0.366782194	0.087296491	0.037086904	0.205531747	0.065570985	0.140168734	0.017901029	0.033292717	0.021317512
0.361530732	0.079222797	0.035430885	0.209659635	0.072811213	0.141169233	0.012596345	0.038685079	0.019699786
0.329613988	0.081241072	0.035564962	0.208584843	0.079620723	0.160512012	0.013401279	0.042363225	0.022246063
0.276565156	0.08064026	0.029902933	0.229562887	0.109394585	0.135795799	0.018490415	0.058158165	0.026750155
0.285709836	0.075066974	0.028848118	0.23919356	0.091951936	0.1415477	0.016378274	0.06501348	0.024159877
0.373900433	0.06531365	0.017270784	0.264705318	0.054390299	0.121481513	0.009917434	0.049274091	0.027193999
0.249195696	0.070159904	0.026572847	0.235788422	0.088958922	0.170563214	0.019218429	0.071185193	0.039205575
0.254793595	0.083179649	0.02817034	0.230677268	0.092840258	0.157994756	0.016714916	0.07000348	0.036164305
0.272425301	0.085350682	0.026457025	0.24961478	0.08975232	0.147995321	0.013869204	0.070859653	0.033841931
0.375742545	0.062705701	0.016501618	0.258673102	0.054989179	0.127172668	0.009412263	0.053670993	0.025242205
0.251210332	0.080302695	0.028630698	0.242550986	0.094159556	0.155489406	0.016087216	0.066223125	0.031776656
0.238409316	0.086531536	0.03329101	0.245024483	0.103907734	0.1458014	0.016031121	0.061814929	0.032627038
0.235507635	0.085004494	0.029381633	0.235804885	0.097249608	0.163078661	0.016993091	0.068923271	0.03585944
0.255263036	0.077538474	0.028150036	0.245455935	0.09874808	0.165712098	0.0131194	0.055721693	0.028155843
0.266676419	0.086096611	0.031839504	0.22552273	0.084959802	0.170961682	0.025239174	0.052847741	0.03033418
0.297026953	0.084827198	0.026911821	0.22565413	0.087493611	0.159842526	0.01440769	0.051155619	0.028056931
0.310435959	0.092745393	0.030275545	0.20760957	0.08491613	0.160477787	0.018104908	0.041863765	0.029312117
0.369755892	0.10233739	0.02877719	0.204221327	0.069912163	0.136263829	0.014603363	0.034924801	0.02100223
0.325743399	0.098084413	0.030543961	0.201969374	0.088678874	0.153036393	0.016725203	0.036984269	0.024073227
0.293285037	0.095446276	0.033045154	0.219952305	0.112381912	0.136120598	0.016634975	0.045017386	0.021247369
0.362961162	0.083850381	0.019845198	0.222236283	0.07913511	0.124232237	0.01845427	0.045541162	0.021609159
0.29337499	0.096334789	0.032449731	0.238703882	0.060423699	0.121701737	0.022393374	0.073280467	0.031221719
0.306730589	0.081639523	0.029226141	0.249573605	0.074592481	0.110074098	0.021921542	0.064102302	0.028290878
0.283868066	0.070837728	0.01946157	0.265139564	0.078445132	0.145948602	0.012411813	0.065358364	0.03112897
0.305492082	0.082512095	0.026044188	0.252105089	0.095314554	0.114784778	0.014341932	0.054441064	0.024249732
0.269740334	0.088558529	0.027781949	0.229475995	0.125337462	0.121162519	0.015207348	0.052922048	0.027301834
0.240157196	0.087936141	0.035447073	0.228378364	0.117186887	0.151610708	0.017225671	0.055654269	0.03469516
0.253329923	0.095111234	0.031422488	0.253907977	0.102971487	0.122716855	0.014536527	0.065601557	0.028558948
0.258620134	0.10183116	0.034575915	0.245244268	0.17548963	0.088086588	0.016399982	0.042032557	0.016090498
0.288950427	0.08420434	0.025064933	0.252740445	0.086920715	0.139181587	0.011433906	0.060449028	0.026793511
0.277843365	0.092588159	0.032963642	0.248381309	0.114605236	0.115996067	0.013315778	0.054069514	0.02306415
0.261768383	0.109273707	0.032579758	0.242499844	0.094544157	0.114490262	0.018599165	0.068901951	0.027787934
0.589745954	0.025793348	0.010313697	0.296566812	0.01007927	0.02143405	0	0.041974225	0
0.254849635	0.102272172	0.03301224	0.254238422	0.082707636	0.122236301	0.010888864	0.079037517	0.032526801
0.323954424	0.08333082	0.031836998	0.272160215	0.05558763	0.084882894	0.011405882	0.057783979	0.017895999
0.375770015	0.063379454	0.03231628	0.269322746	0.04396686	0.069391079	0.015175923	0.063745313	0.01582561
0.264578129	0.119148359	-5.68165E-06	0.224412243	0.150216086	0.080162542	0.008432729	0.039229539	0.021862452
0.31094419	0.121192606	0.034838713	0.233444149	0.093076371	0.099856756	0.012383186	0.04699497	0.019198038
0.536197873	0.055045274	0.013098553	0.268963336	0.021699302	0.048964314	0.003692902	0.039192227	0.007934501
0.29408017	0.101157223	0.0327309	0.23790002	0.087912026	0.122120393	0.013536587	0.055046704	0.031547614
0.297356983	0.106933597	0.031159538	0.214870556	0.084243439	0.138725144	0.021453504	0.041437519	0.03925451
0.386350701	0.093083214	0.035164293	0.243798252	0.058723192	0.084863357	0.0129663	0.041373134	0.01961267
0.299813064	0.031492942	0.010013799	0.337109811	0.027319583	0.077587938	0.006579838	0.152972808	0.034482128
0.315168219	0.107344625	0.041683644	0.219366432	0.078062922	0.098250733	0.01460182	0.047937781	0.025644181
0.345945712	0.109020342	0.03687959	0.247175274	0.066215123	0.117513622	0.025283807	0.006947631	0.019271206
0.336975612	0.132159441	0.043421694	0.239274077	0.074982394	0.092833365	0.019589884	0.026894848	0.013979428
0.362695102	0.117838109	0.045257049	0.201902895	0.078070819	0.103674051	0.01595209	0.029289452	0.021771367
0.364347457	0.105194351	0.030846126	0.257225381	0.062964925	0.077568309	0.01673278	0.042929113	0.015125476
0.340613062	0.132418197	0.040620418	0.230657617	0.086223505	0.078935149	0.01711878	0.032754666	0.016197915
0.3649638	0.10608389	0.035807812	0.274622401	0.058680337	0.090302325	0.018933768	0.017482873	0.017986444
0.360340269	0.113048557	0.043681569	0.218398714	0.078323564	0.085706766	0.020548026	0.036685642	0.015863035
0.288039761	0.160760084	0.053398048	0.202082668	0.111724603	0.088193696	0.02514964	0.017911024	0.01666205
0.316985339	0.12499393	0.043182547	0.199661173	0.100671636	0.100380573	0.016305042	0.034492057	0.0211295
0.361954743	0.083445307	0.035513107	0.230006693	0.041635093	0.113529625	0.017416549	0.049644235	0.034983017
0.357289915	0.102490243	0.028458468	0.2640922	0.054913447	0.085259947	0.016431549	0.054186572	0.016681295
0.371427613	0.130668869	0.042206093	0.212638416	0.061701919	0.090291043	0.024327429	0.033224925	0.014887913
0.348741366	0.126859611	0.04635594	0.232876837	0.069142399	0.081066013	0.022586375	0.033049387	0.017172377
0.351157449	0.136033517	0.045277383	0.193277259	0.099156306	0.085897234	0.018667743	0.02783915	0.014572012
0.355699571	0.137076565	0.045337402	0.194816173	0.095234422	0.083365913	0.019443924	0.025999018	0.015743768
0.358433055	0.079075328	0.02813055	0.269923984	0.053805138	0.084052199	0.020134317	0.059388644	0.021708173
0.345069473	0.143493213	0.044927908	0.204360456	0.094168748	0.085375909	0.010227914	0.032970126	0.014385814
0.368490764	0.090135821	0.033111763	0.227654726	0.066742862	0.114184995	0.013647427	0.043650193	0.02333701
0.355479821	0.101115136	0.034007086	0.214085337	0.071048685	0.126567478	0.011994781	0.037733499	0.029230281
0.537159012	0.026654812	0.013529799	0.314593675	0.013493702	0.025397767	0.000781732	0.060854691	0
0.696365643	0.041536448	0.031084688	0.204284569	0.019376056	0.014011828	0	0	0
0.594034996	0.053280913	0.049260735	0.182873197	0.033444139	0.023220782	0	0.011242179	0.003223445
0.669287492	0.021483774	0.01421552	0.244173238	0.009971912	0.014343523	0.000617356	0.014591018	0.001694137
0.670074258	0.022060575	0.01425521	0.240579975	0.010804486	0.016873989	0	0.015266007	0
0.626114677	0.054023573	0.031924732	0.159900836	0.024012641	0.039230215	0	0.011673881	0.003242938
0.547138204	0.04041094	0.015192949	0.25294772	0.017903083	0.058447965	0.00613146	0.036227063	0.01450395
0.591445908	0.040433025	0.018563321	0.260048427	0.016663268	0.024889003	0.002151605	0.030788147	0.00433297
0.513978776	0.09342884	0.026006713	0.253206317	0.021315378	0.058023425	0.003885024	0.024726625	0.000308133
0.558727517	0.05790983	0.015138485	0.243388894	0.027400752	0.04026282	0.001387898	0.034016856	0
0.621066677	0.032099133	0.019052285	0.261051425	0.010574655	0.013816908	0	0.032319353	0.001659389
0.273187445	0.05695154	0.083800418	0.163125791	0.135804919	0.012071555	0	0.014838616	0
0.657648353	0.030792842	0.02333324	0.216405805	0.013831979	0.022138807	0	0.019573651	0.003918894
0.475136012	0.036568203	0.098868408	0.148644591	0.041771687	0.011776624	0.001201765	0.013924836	0.00336906
0.57569819	0.037514366	0.045709824	0.214070006	0.03584166	0	0	0.01554213	0.004271849
0.346655152	0.064072546	0.135391038	0.127671691	0.062760403	0.010368291	0	0.010976755	0.003312771
0.661499568	0.021081228	0.030874922	0.207920251	0.014597821	0	0	0.021884811	0.00252173
0.457302307	0.046245608	0.033332792	0.154667081	0.052525639	0.039856184	0	0.031878859	0.010664169
0.421190345	0.085540692	0.073977662	0.173410068	0.051707565	0.026034131	0	0.019292639	0.003686268
0.458339224	0.050979877	0.017174659	0.339955089	0.026760703	0.034576652	0.002580051	0.053074405	0.007259657
0.494963958	0.044771534	0.014748966	0.269068768	0.029272591	0.043547139	0.001665016	0.045534834	0.016345125
0.583185497	0.063166288	0.018737493	0.230947918	0.014953946	0.040368973	0.00215134	0.030125809	0.005820795
0.425609228	0.096343993	0.060721357	0.170944677	0.08181251	0.009053686	0	0.01656986	0.00330708
0.627600548	0.028603903	0.03365013	0.176357624	0.031785688	0.011695739	0	0.013468505	0.002126469
0.213551102	0.096039081	0.138613311	0.168526798	0.192891266	0	0	0.004583198	0
0.576182902	0.054666996	0.023485249	0.166289573	0.03847155	0.045405371	0.001947424	0.027956159	0.009336548
0.483337013	0.061742598	0.033151394	0.23523777	0.046435777	0.023796403	0	0.030444161	0.005947153
0.532613983	0.040624261	0.009811119	0.272449658	0.015736855	0.055242117	0.003944433	0.046197362	0.015653265
0.665540176	0.027213465	0.011836473	0.22118894	0.011210203	0.027943835	0.001819167	0.018524931	0.005180434
0.509600929	0.042031322	0.060369047	0.228800784	0.043376009	0.016171542	0	0.01930014	0.003331027
0.492480212	0.064237473	0.049293693	0.223571146	0.056700313	0.017525347	0	0.017905131	0.005084019
0.585258723	0.042002906	0.053130985	0.195132873	0.026663786	0.033717894	0.004265101	0.014265786	0.005719596
0.872343824	0.018894884	0.019243483	0.183676294	0	0	0	0	0
0.619906997	0.035608575	0.030962997	0.216145957	0.021906714	0.011608997	0.000712877	0.017304935	0
0.760843048	0.01265904	0.010751631	0.180885656	0.00420872	0.009488735	0	0.015881971	0
0.766622597	0.015670014	0.008527941	0.189238747	0.004350952	0	0	0.01030249	0.001278091
0.775382864	0.020884568	0.016006082	0.157076122	0.004334762	0.010196074	0	0.010513766	0
0.523265555	0.031142676	0.088866395	0.162643406	0.02578769	0.023113982	0	0	0.002678858
0.657616719	0.037141214	0.026277553	0.135619155	0.024382257	0.035538763	0.003523447	0.022145239	0.007537347
0.459407994	0.033978102	0.032903308	0.180528248	0.04304418	0.033121428	0.003878434	0.025479751	0.00916024
0.360897414	0.064838709	0.107918245	0.158812906	0.055129284	0.035382672	0.004687851	0.038217284	0.007273325
0.483307538	0.075823846	0.060200779	0.212147848	0.043151665	0.054322278	0.009101515	0.023467217	0.009310054
0.358545003	0.082645335	0.11716777	0.126582184	0.063892447	0.047855086	0.005704829	0.016060539	0.006632254
0.557904945	0.045356471	0.032849632	0.199751061	0.036782042	0.03911354	0.004035744	0.028845488	0.00902417
0.484313025	0.08411533	0.079020425	0.11440508	0.055509124	0.040566249	0.002878624	0.011246374	0.002320132
0.725781875	0.0235969	0.011412056	0.187123215	0.008058276	0.019115433	0.00087007	0.015364337	0.003003639
0.647372286	0.067853058	0.057303045	0.110795327	0.029329414	0.01323496	0	0.007722596	0.001591387
0.158517736	0.061969108	0.561398001	0.035954441	0.023952169	0.005949986	0.000815462	0.003060661	0
0.133252699	0.069233957	0.239948506	0.043059045	0.09362399	0.007731912	0	0.003067408	0.003082544
0.381116268	0.06167459	0.085948638	0.184986709	0.064556343	0.025531404	0.009848619	0.021000145	0.007517454
0.468417667	0.052491443	0.053659942	0.122699242	0.052584816	0.037039205	0.007166475	0.072659681	0.020951959
0.499087847	0.132155343	0.099990479	0.064593069	0.040201264	0.022614898	0.009596998	0.006439575	0.003363664
0.224102166	0.262437037	0.29922207	0.03569578	0.016715573	0.016065974	0.056995291	0.016130831	0.004278354
0.672349357	0.070199569	0.048944569	0.104785043	0.017528893	0.032410322	0.006472833	0.023404549	0.007419135
0.272172996	0.22247494	0.282331593	0.038201508	0.043944169	0.027997715	0.014418973	0.007429023	0.007738075
0.404571223	0.074945913	0.095268025	0.172729426	0.051497422	0.047087525	0.007252043	0.025982882	0.012579077
0.336393678	0.133585218	0.108133399	0.112778779	0.072733146	0.091628374	0.00843149	0.018711885	0.011766187
0.28655131	0.144101257	0.171256071	0.064023968	0.069680386	0.051915882	0.009300988	0.004789437	0.007466975
0.43543847	0.068683332	0.036375946	0.22128073	0.053308647	0.080814303	0.010945114	0.048717505	0.019000806
0.484795402	0.052223997	0.056113395	0.070708097	0.042773612	0.122889894	0.003509174	0.008501945	0.01109496
0.413817761	0.163554571	0.086041742	0.142446745	0.040833362	0.0391482	0.03431821	0.028751989	0.009625569